6480.019607062666
9494.449009833897
-6618.908292192753
3822.7073865496313
3493.9310375978366
3398.441149927441
5987.4655873980555
6150.818641375541
7400.98585119734
-190.90381417568824
4849.3257367081205
-5767.611596173918
-2911.9556242681947
-6782.733426713861
-8283.866498595915
-1849.49140623738
4882.6973337454965
-8699.449596102675
-1476.5116919438497
-9626.899364345973
2552.9246253998863
-6465.90310935526
-1678.6111976096963
-5498.725844344068
7489.038398943714
5773.928413817797
-2055.6381095039433
-3855.4517424832693
4310.818344746616
-2703.202438298844
-8165.00019551559
-9707.952579655815
5453.595873107824
-735.6205333207363
-4381.490130226939
6482.812254485314
-2752.8645647988333
3723.849844314338
-4446.057042971663
-2651.2726575403312
-4995.067404831637
3338.245210585177
2172.6299614406507
-1717.3117725766915
-493.13845235570807
7202.306812892526
-2272.1339288475947
-1892.8401037829199
-7246.84637017343
1414.83549245404
2437.762353018874
935.6354821168079
-2510.910512660609
7561.2604431905165
-1736.225505898019
5463.182149558614
3396.350397722148
3998.996029225231
-2432.291069060906
-4981.8132831084
3431.0926226720712
7329.495258017887
1389.1517851132357
2661.0971874672923
1881.9551550482029
-1276.5731791971339
-4555.558322881281
9411.980631010858
856.7894795771663
-7991.141953579122
-8102.135360718486
-366.468924030929
174.67134942318626
-7041.957416119627
-3258.8202583966795
5584.239193983274
547.818655168081
-8986.39849004854
1782.9148232360894
9410.4203016047
6778.580714784934
-6406.828811444519
2444.479401213577
-4822.779953099521
8755.585488949328
8740.937898691147
-5527.117319045365
58.793731065694374
-8538.928131736331
5696.777318527897
-5515.698319174052
6788.310573592062
-6377.202348987867
-3532.5512539777383
-9653.072604362598
6776.782956843708
-1941.6007519885943
-3930.138258976912
5333.621774429013
8553.950187017886
