  -9994.4501339802864     
  -9993.6658884462922     
  -9991.0623857066166     
  -9980.1865824402921     
  -9959.9657039557915     
  -9951.3136972337925     
  -9939.1394090493832     
  -9900.0904856581401     
  -9823.9896635017867     
  -9817.0667275461074     
  -9777.4858675987452     
  -9760.1754041396180     
  -9757.6623032250736     
  -9754.6875548160951     
  -9710.3561996430235     
  -9704.0267356631648     
  -9700.9961442291351     
  -9683.0101796919862     
  -9677.8703831789771     
  -9634.0746740698341     
  -9629.3715493243926     
  -9589.8140322141153     
  -9524.5232775527475     
  -9487.6781231696386     
  -9453.8583196125255     
  -9436.5405975257927     
  -9429.0323890085165     
  -9418.6504146731895     
  -9395.1928580135827     
  -9383.9012565340236     
  -9371.3010149365800     
  -9369.3204833947348     
  -9347.9284330267692     
  -9345.3632550531402     
  -9326.0888435698016     
  -9320.8520330580559     
  -9318.8413888544928     
  -9304.1703373216751     
  -9298.9309955496137     
  -9293.9208426762307     
  -9280.6180419208831     
  -9271.9094258908244     
  -9251.6174673093010     
  -9238.9106814521674     
  -9222.2980813275517     
  -9215.3246436348363     
  -9211.4256182339468     
  -9211.1070398668289     
  -9207.6974528588180     
  -9203.4053375324402     
  -9180.1132034279926     
  -9155.1552244848808     
  -9141.1151848165773     
  -9138.9073378222110     
  -9108.8042629721258     
  -9103.8066713576645     
  -9072.5958244855919     
  -9049.5274389438637     
  -9028.0779474010506     
  -8997.8554526206608     
  -8995.3736427225831     
  -8993.5847548436868     
  -8985.4656669553515     
  -8941.3904891268012     
  -8931.9353231704827     
  -8918.3826758404175     
  -8918.3320941943166     
  -8893.0392659748177     
  -8873.2155345184456     
  -8863.2643906206431     
  -8838.6772809377653     
  -8817.5654211403871     
  -8807.3907623047580     
  -8766.2887677063918     
  -8721.5821947075801     
  -8700.7591764304489     
  -8681.4342669411617     
  -8680.5894166619528     
  -8672.4030968763891     
  -8633.4370475463238     
  -8608.8288505690653     
  -8581.9213671168854     
  -8542.5318942342237     
  -8532.5679009132946     
  -8532.1837802830378     
  -8510.8629727999614     
  -8490.9416730095618     
  -8490.5422564175751     
  -8480.0272562789851     
  -8468.9953847828929     
  -8467.9807799400296     
  -8435.0404546507689     
  -8422.7186961230764     
  -8406.6755238837304     
  -8390.1198650558781     
  -8354.3679439258522     
  -8331.4000300247899     
  -8319.0025485042970     
  -8314.6805256468651     
  -8289.4255084140877     
  -8285.7413009584907     
  -8272.4957410502539     
  -8250.9036876938808     
  -8240.4150468101016     
  -8229.0028538906063     
  -8152.5094780588734     
  -8145.1738806124040     
  -8129.8993538955065     
  -8106.0682253171226     
  -8102.6792607921780     
  -8094.6282929680137     
  -8031.9752387975623     
  -7943.1217878997068     
  -7923.9473586979911     
  -7915.6913158668303     
  -7910.5682139432138     
  -7902.0099353417045     
  -7895.5773397284793     
  -7846.6764010575816     
  -7824.1607624703847     
  -7786.9204159925084     
  -7786.8602338354649     
  -7786.0566927011623     
  -7777.2647503873759     
  -7772.1072626017867     
  -7769.4967822152266     
  -7758.3060764344209     
  -7757.8671773311526     
  -7754.4701418609029     
  -7754.2843228390648     
  -7751.8359890244692     
  -7741.2541701411074     
  -7708.6635669447533     
  -7696.3874301097840     
  -7674.7194112644702     
  -7665.9921109802981     
  -7660.4679850938483     
  -7651.9378406696942     
  -7642.9084772027809     
  -7632.6120810626908     
  -7631.7688336413903     
  -7575.2173795268463     
  -7571.5222277193534     
  -7567.5202775888411     
  -7555.5106049769893     
  -7518.3918956467878     
  -7494.6239421984419     
  -7458.0578356374617     
  -7444.5674805742874     
  -7444.5651711847449     
  -7405.8007340093973     
  -7383.9102401225446     
  -7364.9279356050456     
  -7364.2422859698599     
  -7361.9380522927759     
  -7341.3551798019143     
  -7338.8615104291002     
  -7273.0500001833771     
  -7254.5412332416472     
  -7234.3664627337857     
  -7135.0331668657718     
  -7103.3895948209483     
  -7091.8129210396864     
  -7064.0685875332383     
  -7046.4112514830667     
  -6987.8783341855642     
  -6986.0332043809103     
  -6969.6065094720543     
  -6949.7059519816103     
  -6936.2361748099174     
  -6880.0137401532611     
  -6831.3502244601486     
  -6800.6758301349528     
  -6787.3319942952203     
  -6749.6777646963528     
  -6726.4410171913578     
  -6717.8572865894457     
  -6715.0701990066027     
  -6714.5658490581754     
  -6702.6255413593108     
  -6697.9871858406059     
  -6657.6762725520111     
  -6594.8807248598659     
  -6590.5875528948864     
  -6586.0271285064155     
  -6563.7087834250351     
  -6538.3168469395605     
  -6513.6582748159362     
  -6501.3733634375749     
  -6493.3686613676509     
  -6485.0984308226598     
  -6451.4763602626517     
  -6433.4028890349737     
  -6428.1987769202133     
  -6363.7537524059117     
  -6354.1183579857652     
  -6350.9446432730065     
  -6345.0899947734233     
  -6343.8471256187731     
  -6338.4998291796137     
  -6319.2759141684201     
  -6310.8794227235321     
  -6249.2304675892647     
  -6228.4443670541314     
  -6210.0781071772344     
  -6204.0339602621007     
  -6175.4108051897401     
  -6153.4862869924800     
  -6146.1196204781054     
  -6132.9831379701609     
  -6115.6715048987080     
  -6094.3089228810686     
  -6080.2100187546530     
  -6008.4561797027682     
  -6006.9684867380447     
  -5986.4695048079475     
  -5964.6310214644172     
  -5954.3703938946392     
  -5947.0704808140717     
  -5924.7829949575244     
  -5910.2018966520454     
  -5892.4713780065740     
  -5887.9079731146858     
  -5870.8506031049383     
  -5870.6712457929689     
  -5856.9008377320906     
  -5799.9660431363127     
  -5733.2994511920888     
  -5686.0301461154968     
  -5681.5637516632814     
  -5649.5125285851282     
  -5641.8180546847525     
  -5638.5840965105835     
  -5614.5460344430576     
  -5611.6820547157095     
  -5588.6480968268270     
  -5587.6604992838438     
  -5583.5836671533152     
  -5582.8346525762627     
  -5563.2421191415579     
  -5549.0554656514114     
  -5533.4502342468886     
  -5508.1226383466310     
  -5507.6282994258572     
  -5498.1753456378592     
  -5481.4683877646894     
  -5438.2077833980302     
  -5411.3531398267514     
  -5402.5879488834862     
  -5375.8198975058176     
  -5349.1731537749683     
  -5343.6272936542828     
  -5327.7738353037421     
  -5316.1778702859119     
  -5257.4838407826910     
  -5248.2420263633503     
  -5238.2879325617942     
  -5230.4049116901679     
  -5214.5028273263815     
  -5184.0781725225279     
  -5102.2590587016657     
  -5076.6171776085575     
  -4983.1498282879120     
  -4981.9034673646411     
  -4974.1047548927409     
  -4948.0773922703493     
  -4939.5718602230709     
  -4928.2272137862383     
  -4914.4165444036125     
  -4904.2842180977696     
  -4900.1830542958878     
  -4864.3241734476005     
  -4825.6051461702691     
  -4798.8639175853214     
  -4735.4469756645813     
  -4707.3970618055009     
  -4698.6899763713482     
  -4694.2018605473177     
  -4688.2632242658210     
  -4668.4068340943404     
  -4661.4782749213045     
  -4651.6588911568406     
  -4635.1415422449181     
  -4624.6688318944189     
  -4615.9335037547853     
  -4609.0501094276042     
  -4600.1345633829469     
  -4480.9263542038761     
  -4468.7228887898664     
  -4453.3109933861169     
  -4448.6431304471498     
  -4422.5955247488182     
  -4406.0558853310640     
  -4400.6321692597903     
  -4398.5700766887521     
  -4390.4145830525422     
  -4354.5489235817358     
  -4337.4343142941598     
  -4297.9612682322240     
  -4247.2443593167682     
  -4238.0587636098262     
  -4223.8051983861906     
  -4162.3704545686332     
  -4141.5256725581658     
  -4042.6443426706828     
  -4018.4351201265981     
  -3982.6313176891044     
  -3981.4420578942354     
  -3950.2822537234451     
  -3949.6471743838547     
  -3877.5724090974563     
  -3863.1409807168930     
  -3832.6853376957606     
  -3819.2565223803122     
  -3803.3949914850100     
  -3802.6251388784303     
  -3731.1884396928026     
  -3724.8096204968315     
  -3724.7076300657336     
  -3683.3024807710644     
  -3631.9064894524608     
  -3610.7321292714923     
  -3608.4648766502833     
  -3590.0809863369586     
  -3583.3032980559174     
  -3579.1794289201207     
  -3540.6476194460383     
  -3456.0588111392199     
  -3443.8237538963331     
  -3442.7230679955346     
  -3440.2110867122838     
  -3432.8205564898599     
  -3427.3307791348543     
  -3394.4341594961361     
  -3375.2563903190967     
  -3348.6250413684584     
  -3345.5804117443204     
  -3308.2731026485671     
  -3286.4946678063570     
  -3262.7793184259299     
  -3169.5987551177259     
  -3134.6629735313654     
  -3098.1137338986218     
  -3082.7330512551353     
  -3075.6271782118502     
  -3070.9974348342575     
  -3030.2099892621136     
  -3025.2718988283505     
  -2990.2451261610749     
  -2968.6970537831849     
  -2957.4325514699140     
  -2928.8283549257585     
  -2867.1820092911466     
  -2858.7162252633443     
  -2741.1184511238853     
  -2734.1410389108114     
  -2733.2828099411045     
  -2684.7091467310547     
  -2680.7366249948327     
  -2579.0007510296073     
  -2559.8437284931988     
  -2555.5593224030290     
  -2534.4535236552447     
  -2527.1882547190353     
  -2521.3163608389541     
  -2518.3910695616651     
  -2461.9419466623958     
  -2449.1132836815814     
  -2444.0599885496558     
  -2430.3292430148922     
  -2395.7405272992683     
  -2391.0264564369063     
  -2386.0484483713071     
  -2383.6417780095599     
  -2379.3194524703476     
  -2346.0731664410141     
  -2326.6194190099677     
  -2319.7150398592448     
  -2316.1229416379811     
  -2291.2574870946137     
  -2247.6298146418676     
  -2240.1097689494190     
  -2236.2679929736214     
  -2224.3521218843543     
  -2182.5367797398458     
  -2166.7110618428342     
  -2147.9031171188208     
  -2138.3807768805264     
  -2118.4420087049839     
  -2095.7347261505820     
  -2074.5535982766824     
  -2062.1994269714960     
  -2060.5283811509835     
  -2057.5366310888076     
  -2030.2575019582546     
  -2025.4534872995218     
  -2009.2925627831719     
  -2004.8156137124470     
  -1990.5616751529424     
  -1978.2693375874551     
  -1947.2509718648043     
  -1881.2040004830633     
  -1874.5823228622749     
  -1846.4205549758808     
  -1829.4401263223017     
  -1765.8827935957834     
  -1734.3325048349070     
  -1719.6807286543408     
  -1714.1321180330251     
  -1711.2037835163701     
  -1694.6058817951307     
  -1693.8242896784686     
  -1683.2527956951635     
  -1682.0525488274670     
  -1665.3452224760094     
  -1648.9862165519135     
  -1647.1962446689195     
  -1630.1637465003296     
  -1598.7320570104457     
  -1588.0565593828178     
  -1571.5799204130399     
  -1553.2742675401641     
  -1547.4912867973308     
  -1537.0977107328799     
  -1475.1227827071707     
  -1460.4700688423563     
  -1445.9845322052952     
  -1433.7105388776690     
  -1336.5798021424562     
  -1295.1370670837514     
  -1280.8718943578133     
  -1263.1976577530731     
  -1261.8935486313476     
  -1233.0296352917976     
  -1213.2581584625405     
  -1140.6918733228158     
  -1100.9893617167327     
  -1085.9970914468395     
  -1041.4670610260982     
  -1039.2843941365009     
  -1014.6113414763968     
  -1002.3210537138948     
  -991.11762206009553     
  -988.43256576035310     
  -988.15044778897936     
  -978.33527503767982     
  -969.50675391819277     
  -962.93676331575989     
  -949.36559565312382     
  -934.91549159068745     
  -911.48527646628827     
  -885.81511211325233     
  -812.35069815824863     
  -794.66135612161270     
  -783.78135458190081     
  -778.15324333659373     
  -772.27036695754759     
  -768.31324729721382     
  -749.64265683801932     
  -708.83046367143470     
  -701.66181179766681     
  -677.31931949134014     
  -653.21207698721810     
  -643.47010640824556     
  -640.67755252015559     
  -609.91573309617706     
  -591.03289068275080     
  -584.84891768788657     
  -570.24307154715825     
  -547.82870477132201     
  -469.69877545566669     
  -461.06268821553931     
  -451.70429951966616     
  -446.70207918136475     
  -432.19680589949894     
  -423.60473347411062     
  -409.28568279837054     
  -364.41645020622673     
  -287.82207035171086     
  -274.71867495587139     
  -266.05333513141522     
  -207.41305748957893     
  -194.48653564625420     
  -191.19570091244532     
  -188.12620468559544     
  -186.31327431985119     
  -155.93646082220221     
  -152.64035528571731     
  -140.14288588607815     
  -137.50554709320204     
  -94.789916729607285     
  -62.488421414956974     
  -60.060613495614234     
  -58.677695248488817     
  -52.519192170217138     
  -12.898602801913512     
  -5.9104501689380413     
   16.889189957772032     
   112.58680806891243     
   120.12521965278393     
   130.02556757402090     
   137.41415593332385     
   150.03310532920659     
   208.60718030954376     
   218.78291699574947     
   260.13810836569246     
   290.93311664923749     
   312.84324338275837     
   320.09530934646864     
   324.64094394674612     
   357.15192141545594     
   365.68214879010884     
   367.98207508055202     
   370.12328981196515     
   389.56319597965012     
   411.78304721485983     
   426.37704369538005     
   430.88383217807313     
   450.49177367411357     
   457.04153347474676     
   464.63818293284021     
   490.44241161135869     
   511.99720848234938     
   518.44980252170171     
   526.47251627531114     
   532.66454224562949     
   557.76620259899209     
   569.49748417079172     
   623.30656834204819     
   627.29617362011413     
   629.50519646245448     
   641.31654569712737     
   641.65848548549002     
   658.91685410960781     
   658.97612429787478     
   697.99178476828092     
   756.23505164803464     
   768.94317092416168     
   818.62400413467185     
   820.05155375391587     
   859.17904525364429     
   867.47451478082439     
   887.70516346726799     
   896.75406722265870     
   898.41932068054120     
   906.67756107596324     
   961.23854342944833     
   971.88628300452183     
   973.50104455405199     
   982.79711087325450     
   986.43411079284488     
   995.53442786018786     
   1004.2672631442238     
   1031.2533873654847     
   1035.3773524527696     
   1041.0690721236097     
   1096.7915605877715     
   1100.2504228658454     
   1158.2698489399390     
   1251.9670832520042     
   1263.1901478581458     
   1277.6871502231788     
   1279.5041166846622     
   1280.0967240681712     
   1359.9560576650347     
   1360.1466344304990     
   1383.6035550865727     
   1431.5273171054923     
   1470.6782697502058     
   1472.6163600055515     
   1491.5467046161175     
   1493.0053980209923     
   1502.7606598273633     
   1504.1004404739397     
   1510.9181387184854     
   1521.9320017982300     
   1543.7599636723517     
   1582.9677193034768     
   1598.4739423347546     
   1635.1813186556228     
   1672.6775861632577     
   1682.5631772624220     
   1686.5894489562888     
   1693.9713792955827     
   1698.7711418137842     
   1708.2862063435277     
   1747.9403165067433     
   1747.9455784080328     
   1765.7894389013654     
   1780.3187405611661     
   1785.9747396430594     
   1790.2132832736697     
   1797.8729305504112     
   1834.8300268853145     
   1839.7599508078110     
   1845.1648009932251     
   1847.7634971500283     
   1870.7524090464449     
   1921.9776963099648     
   1944.2366910140736     
   1950.4019870070952     
   1956.9409048648740     
   1967.3742208948770     
   1996.3302397983280     
   2010.5878008056407     
   2016.1561591433147     
   2018.8264570953506     
   2020.6805937255740     
   2047.6816325851942     
   2050.7403820478648     
   2118.2162490490118     
   2139.4798885452219     
   2152.2976875222703     
   2152.4483942708976     
   2155.8707195746665     
   2223.6957806174469     
   2249.3788598534466     
   2255.3873053511979     
   2256.0922822595076     
   2265.7690425980618     
   2273.4762452658724     
   2312.1615769315158     
   2316.2244163920077     
   2336.0910335523567     
   2338.4047829421888     
   2350.2236534148051     
   2350.5376427868141     
   2385.8118834743709     
   2391.0866751015474     
   2396.3663007882260     
   2417.2951336129736     
   2475.4761838240738     
   2486.4418492262721     
   2500.0852321210914     
   2505.8401208512496     
   2516.0951894331047     
   2518.4880522083968     
   2573.6558710252393     
   2574.4501093307990     
   2588.4156746038625     
   2596.0674733369797     
   2607.8592528208283     
   2626.1002633553308     
   2645.4229562233686     
   2678.9809523508666     
   2683.3752702444508     
   2683.6350450303999     
   2691.3533850626754     
   2698.1351192699840     
   2709.9584590667164     
   2741.7253445940169     
   2767.5133023381077     
   2773.6224735882970     
   2774.4091238249384     
   2818.5994970980137     
   2818.9055443082707     
   2836.1173927844302     
   2863.5814628955341     
   2934.1295939683205     
   2947.9240400357539     
   2991.2477266239475     
   2999.2865617056323     
   3040.4239242756703     
   3052.6555825878495     
   3054.2027999142010     
   3064.1235471681339     
   3072.1346175955441     
   3133.9515626909179     
   3134.1139119840318     
   3148.7953299013698     
   3153.7932961705410     
   3191.1656582841497     
   3244.0659274082936     
   3246.7708142459560     
   3264.1703500424064     
   3276.8978214529398     
   3290.3527398492315     
   3295.2374616876641     
   3317.3151016256706     
   3319.9740540984440     
   3394.6026871434442     
   3404.0226821864399     
   3445.6400980076414     
   3446.1168943761440     
   3455.6785383082424     
   3468.5395623072109     
   3472.5665636423746     
   3481.4900385764595     
   3497.8404119130410     
   3515.4049926766802     
   3529.2732709252359     
   3554.9197769837665     
   3568.3029390732172     
   3583.3059971742878     
   3601.3497537178791     
   3665.3454344915044     
   3686.8535514136220     
   3702.2057229581987     
   3719.1428554157519     
   3766.2528563737069     
   3773.8084741603343     
   3809.5575142157559     
   3849.4951027623229     
   3854.0930778426537     
   3861.4765080932939     
   3866.3857118133692     
   3878.6396123607665     
   3880.9097670226420     
   3932.1103212152248     
   3951.9706646256273     
   3964.7540176721850     
   3967.7059642323038     
   3972.6965592435809     
   3974.4406882577568     
   4055.0770400649653     
   4076.7145390843962     
   4083.9015771639934     
   4125.3391337373560     
   4127.6565178362598     
   4134.5649543528671     
   4136.4708096190498     
   4187.7772769897820     
   4255.9576182032160     
   4274.6162067097976     
   4278.0090545669937     
   4288.7993949986976     
   4299.2346401417162     
   4323.2337211833819     
   4338.0722827823156     
   4344.1203388727572     
   4351.6381231668238     
   4360.3384609614841     
   4381.6106211401548     
   4397.9560266510180     
   4402.3127492966032     
   4449.5170211336681     
   4451.6328191840275     
   4480.7835120190048     
   4539.5856010670541     
   4546.1249494713666     
   4551.4859192945005     
   4581.5835557363607     
   4588.3666410247461     
   4597.8847088294224     
   4605.8078806525064     
   4650.9980534354618     
   4651.4055471539123     
   4665.6636722648509     
   4708.2269702219273     
   4741.3727618925550     
   4753.9322966021900     
   4756.1016409381227     
   4761.9528867784738     
   4772.5120077151278     
   4800.4159751257066     
   4834.5387381463515     
   4902.8634498726806     
   4903.8823939265203     
   4915.5801698194373     
   4915.6314551528048     
   4933.2953920250584     
   4949.4262238871015     
   4953.3671905002193     
   4985.5936690192702     
   5032.7786322505890     
   5062.3993356362516     
   5072.9989673803084     
   5082.6931032547582     
   5087.0483184195018     
   5090.8255844499090     
   5097.7905765895848     
   5122.5930394271654     
   5139.3018832189409     
   5173.3630139558809     
   5190.2991824634973     
   5231.5998833241301     
   5247.4965664728134     
   5267.0587318167745     
   5317.6596377960486     
   5318.3060897981104     
   5329.8643417963958     
   5351.6965458271607     
   5352.6988451720863     
   5359.9493940473967     
   5361.6541988931131     
   5392.0267617326517     
   5417.0655963595273     
   5450.2487893337620     
   5481.4088507283723     
   5492.3977755502056     
   5546.7532167038971     
   5622.7743477198092     
   5627.0027666629048     
   5669.6676638132994     
   5698.0007334461352     
   5733.8494881575534     
   5741.7748728445022     
   5747.4509634570422     
   5753.3248086547756     
   5757.1915088006681     
   5759.7817661436820     
   5811.5857692063382     
   5823.9643313754641     
   5839.0964486568664     
   5861.6529031068549     
   5889.7139384963375     
   5899.3448789041140     
   5937.7611714767900     
   5940.9694301130348     
   5982.2230308370763     
   6012.3054875393427     
   6023.3972849122802     
   6085.8077970220802     
   6118.6304842148402     
   6128.8182712764592     
   6135.9840001221455     
   6178.8728898831378     
   6182.4530827685685     
   6198.7798690567142     
   6248.0460155371184     
   6251.1231149894302     
   6253.0577760121705     
   6316.6647578409102     
   6319.7888270313215     
   6334.8092885184724     
   6370.0053687065374     
   6388.9419394270408     
   6394.8403707159232     
   6401.8308355636582     
   6413.8086893615946     
   6429.6781787166947     
   6447.4832870373430     
   6453.5212152534368     
   6461.3039142596863     
   6492.9927325259669     
   6499.2373359754492     
   6508.7465440881097     
   6513.2655834620055     
   6537.1089584163128     
   6548.3470716774864     
   6576.8983778348047     
   6592.4865342720077     
   6600.0959369228585     
   6654.3943436406844     
   6684.3247194475116     
   6704.9121911022085     
   6724.9741594251682     
   6743.6820649599213     
   6745.0345476186303     
   6846.5814466797965     
   6852.1226717581812     
   6898.2904084613037     
   6901.8094176793929     
   6944.1534732203800     
   6951.5532748056721     
   6962.9944719602099     
   6988.7032047065950     
   6990.5529854446686     
   7035.6532849127070     
   7075.0927210693662     
   7076.4737366566733     
   7123.8590542397214     
   7161.1403621321406     
   7162.3855032128304     
   7177.9943290312403     
   7181.0405942065845     
   7193.5072233213505     
   7229.2529033964056     
   7238.0848593872506     
   7241.1367273070791     
   7252.5015819622859     
   7265.6955607170821     
   7281.5775368965296     
   7297.7152618671316     
   7337.5005106489843     
   7352.0538401433078     
   7450.7513636086151     
   7451.0792586874777     
   7515.4566232874531     
   7534.2384045520957     
   7546.6348693041546     
   7571.0349888624696     
   7573.8186386395137     
   7601.4087510315621     
   7603.1179626936610     
   7613.8349749239751     
   7647.1949401702659     
   7662.7215127776908     
   7677.1159252108228     
   7712.0481973721471     
   7715.6868016882036     
   7743.7126193273907     
   7745.5652846167031     
   7749.2172073771399     
   7758.1990231150849     
   7792.2256995679236     
   7794.9244811772005     
   7850.5664352895801     
   7852.1911406777217     
   7862.8768006349237     
   7862.9822538830485     
   7884.3029702752247     
   7920.9655311380338     
   7962.1848885392101     
   7963.0162262508748     
   7963.6517212441358     
   7964.7647833875453     
   7991.5877415095820     
   8020.0908233722985     
   8037.9908224331448     
   8048.5013926420143     
   8050.9274737987471     
   8071.1015102376477     
   8075.5983423890575     
   8077.5951732361900     
   8078.8573850255780     
   8127.6018956254993     
   8134.7889233230271     
   8139.9009388287559     
   8141.0158296510599     
   8160.8774993485895     
   8174.3144569197211     
   8211.8211873520340     
   8248.6060839508791     
   8266.1436037991080     
   8275.4266558550225     
   8283.4765951040827     
   8286.4339434433641     
   8319.7902923681977     
   8330.5167518336675     
   8485.8921275576358     
   8515.7524737677995     
   8566.7494434043183     
   8568.4049128815313     
   8572.9732212088638     
   8626.9400019230452     
   8665.8197562597234     
   8686.4040584431568     
   8691.2274485204907     
   8698.4807301703077     
   8714.2949630298099     
   8719.9140788028162     
   8749.4748767531200     
   8791.3088036175177     
   8870.0124815133677     
   8883.1194693794241     
   8915.7405247640017     
   8925.9095465560749     
   8942.8074267326047     
   8972.1997953195205     
   8976.0849685382709     
   8990.8458026053122     
   9030.6268372023042     
   9064.5416333074972     
   9067.4230687084128     
   9073.8494292025607     
   9079.6269444241298     
   9094.0328965556764     
   9102.3761155387037     
   9122.2409103281352     
   9127.1374259477161     
   9203.3921229900297     
   9204.9041421679904     
   9207.1555900998501     
   9212.7892710503256     
   9213.7897225929701     
   9234.8115633093876     
   9269.1517827029056     
   9295.1717788712594     
   9303.5862637070204     
   9336.8281647416297     
   9339.4726725287401     
   9342.7240349816238     
   9345.0878037691473     
   9376.2226697261831     
   9499.2945943792110     
   9509.8717711591125     
   9537.8235498338072     
   9563.1054382521252     
   9595.2789791489413     
   9626.2662966943608     
   9642.6191019759608     
   9671.6535464370572     
   9697.3367009060130     
   9701.4793674121465     
   9714.9737406222957     
   9742.1682994157127     
   9778.3941880514103     
   9800.5582322258524     
   9812.3515311428600     
   9824.9998868168732     
   9844.8728482041188     
   9850.3499855462323     
   9860.7209882992029     
   9874.6671405531488     
   9887.9308845292289     
   9921.1943544882997     
   9980.1984177245322     
   9993.2238084525052     
   9994.7776980748968     
