-9994.450133980286
-9993.665888446292
-9991.062385706617
-9980.186582440292
-9959.965703955791
-9951.313697233792
-9939.139409049383
-9900.09048565814
-9823.989663501787
-9817.066727546107
-9777.485867598745
-9760.175404139618
-9757.662303225074
-9754.687554816095
-9710.356199643024
-9704.026735663165
-9700.996144229135
-9683.010179691986
-9677.870383178977
-9634.074674069834
-9629.371549324393
-9589.814032214115
-9524.523277552747
-9487.678123169639
-9453.858319612526
-9436.540597525793
-9429.032389008516
-9418.65041467319
-9395.192858013583
-9383.901256534024
-9371.30101493658
-9369.320483394735
-9347.92843302677
-9345.36325505314
-9326.088843569802
-9320.852033058056
-9318.841388854493
-9304.170337321675
-9298.930995549614
-9293.92084267623
-9280.618041920883
-9271.909425890824
-9251.617467309301
-9238.910681452167
-9222.298081327552
-9215.324643634836
-9211.425618233947
-9211.107039866829
-9207.697452858818
-9203.40533753244
-9180.113203427993
-9155.15522448488
-9141.115184816577
-9138.907337822211
-9108.804262972126
-9103.806671357665
-9072.595824485592
-9049.527438943864
-9028.07794740105
-8997.85545262066
-8995.373642722583
-8993.584754843687
-8985.465666955351
-8941.390489126801
-8931.935323170483
-8918.382675840418
-8918.332094194317
-8893.039265974818
-8873.215534518446
-8863.264390620643
-8838.677280937765
-8817.565421140387
-8807.390762304758
-8766.288767706392
-8721.58219470758
-8700.759176430449
-8681.434266941162
-8680.589416661953
-8672.40309687639
-8633.437047546324
-8608.828850569065
-8581.921367116885
-8542.531894234224
-8532.567900913295
-8532.183780283038
-8510.862972799961
-8490.941673009562
-8490.542256417575
-8480.027256278985
-8468.995384782893
-8467.98077994003
-8435.040454650769
-8422.718696123076
-8406.67552388373
-8390.119865055878
-8354.367943925852
-8331.40003002479
-8319.002548504297
-8314.680525646865
-8289.425508414088
-8285.74130095849
-8272.495741050254
-8250.90368769388
-8240.415046810102
-8229.002853890606
-8152.509478058873
-8145.173880612404
-8129.8993538955065
-8106.068225317123
-8102.679260792178
-8094.628292968014
-8031.975238797562
-7943.121787899707
-7923.947358697991
-7915.69131586683
-7910.568213943214
-7902.0099353417045
-7895.577339728479
-7846.676401057582
-7824.160762470385
-7786.920415992508
-7786.860233835465
-7786.056692701162
-7777.264750387376
-7772.107262601787
-7769.496782215227
-7758.306076434421
-7757.867177331153
-7754.470141860903
-7754.284322839065
-7751.835989024469
-7741.254170141107
-7708.663566944753
-7696.387430109784
-7674.71941126447
-7665.992110980298
-7660.467985093848
-7651.937840669694
-7642.908477202781
-7632.612081062691
-7631.76883364139
-7575.217379526846
-7571.522227719353
-7567.520277588841
-7555.510604976989
-7518.391895646788
-7494.623942198442
-7458.057835637462
-7444.567480574287
-7444.565171184745
-7405.800734009397
-7383.910240122545
-7364.927935605046
-7364.24228596986
-7361.938052292776
-7341.355179801914
-7338.8615104291
-7273.050000183377
-7254.541233241647
-7234.366462733786
-7135.033166865772
-7103.389594820948
-7091.812921039686
-7064.068587533238
-7046.411251483067
-6987.878334185564
-6986.03320438091
-6969.606509472054
-6949.70595198161
-6936.236174809917
-6880.013740153261
-6831.350224460149
-6800.675830134953
-6787.33199429522
-6749.677764696353
-6726.441017191358
-6717.857286589446
-6715.070199006603
-6714.565849058175
-6702.625541359311
-6697.987185840606
-6657.676272552011
-6594.880724859866
-6590.587552894886
-6586.0271285064155
-6563.708783425035
-6538.3168469395605
-6513.658274815936
-6501.373363437575
-6493.368661367651
-6485.09843082266
-6451.476360262652
-6433.402889034974
-6428.198776920213
-6363.753752405912
-6354.118357985765
-6350.9446432730065
-6345.089994773423
-6343.847125618773
-6338.499829179614
-6319.27591416842
-6310.879422723532
-6249.230467589265
-6228.444367054131
-6210.078107177234
-6204.033960262101
-6175.41080518974
-6153.48628699248
-6146.119620478105
-6132.983137970161
-6115.671504898708
-6094.308922881069
-6080.210018754653
-6008.456179702768
-6006.968486738045
-5986.4695048079475
-5964.631021464417
-5954.370393894639
-5947.070480814072
-5924.782994957524
-5910.201896652045
-5892.471378006574
-5887.907973114686
-5870.850603104938
-5870.671245792969
-5856.900837732091
-5799.966043136313
-5733.299451192089
-5686.030146115497
-5681.563751663281
-5649.512528585128
-5641.8180546847525
-5638.584096510584
-5614.546034443058
-5611.6820547157095
-5588.648096826827
-5587.660499283844
-5583.583667153315
-5582.834652576263
-5563.242119141558
-5549.055465651411
-5533.450234246889
-5508.122638346631
-5507.628299425857
-5498.175345637859
-5481.468387764689
-5438.20778339803
-5411.353139826751
-5402.587948883486
-5375.819897505818
-5349.173153774968
-5343.627293654283
-5327.773835303742
-5316.177870285912
-5257.483840782691
-5248.24202636335
-5238.287932561794
-5230.404911690168
-5214.5028273263815
-5184.078172522528
-5102.259058701666
-5076.6171776085575
-4983.149828287912
-4981.903467364641
-4974.104754892741
-4948.077392270349
-4939.571860223071
-4928.227213786238
-4914.4165444036125
-4904.28421809777
-4900.183054295888
-4864.3241734476005
-4825.605146170269
-4798.863917585321
-4735.446975664581
-4707.397061805501
-4698.689976371348
-4694.201860547318
-4688.263224265821
-4668.40683409434
-4661.478274921305
-4651.658891156841
-4635.141542244918
-4624.668831894419
-4615.933503754785
-4609.050109427604
-4600.134563382947
-4480.926354203876
-4468.722888789866
-4453.310993386117
-4448.64313044715
-4422.595524748818
-4406.055885331064
-4400.63216925979
-4398.570076688752
-4390.414583052542
-4354.548923581736
-4337.43431429416
-4297.961268232224
-4247.244359316768
-4238.058763609826
-4223.805198386191
-4162.370454568633
-4141.525672558166
-4042.644342670683
-4018.435120126598
-3982.6313176891044
-3981.4420578942354
-3950.282253723445
-3949.6471743838547
-3877.5724090974563
-3863.140980716893
-3832.6853376957606
-3819.256522380312
-3803.39499148501
-3802.6251388784303
-3731.1884396928026
-3724.8096204968315
-3724.7076300657336
-3683.3024807710644
-3631.906489452461
-3610.7321292714923
-3608.4648766502833
-3590.0809863369586
-3583.3032980559174
-3579.1794289201207
-3540.6476194460383
-3456.05881113922
-3443.823753896333
-3442.7230679955346
-3440.2110867122838
-3432.82055648986
-3427.3307791348543
-3394.434159496136
-3375.2563903190967
-3348.6250413684584
-3345.5804117443204
-3308.273102648567
-3286.494667806357
-3262.77931842593
-3169.598755117726
-3134.6629735313654
-3098.113733898622
-3082.7330512551353
-3075.62717821185
-3070.9974348342575
-3030.2099892621136
-3025.2718988283505
-2990.245126161075
-2968.697053783185
-2957.432551469914
-2928.8283549257585
-2867.1820092911466
-2858.7162252633443
-2741.1184511238853
-2734.1410389108114
-2733.2828099411045
-2684.7091467310547
-2680.7366249948327
-2579.0007510296073
-2559.843728493199
-2555.559322403029
-2534.4535236552447
-2527.1882547190353
-2521.316360838954
-2518.391069561665
-2461.941946662396
-2449.1132836815814
-2444.059988549656
-2430.329243014892
-2395.7405272992683
-2391.0264564369063
-2386.048448371307
-2383.64177800956
-2379.3194524703476
-2346.073166441014
-2326.6194190099677
-2319.715039859245
-2316.122941637981
-2291.2574870946137
-2247.6298146418676
-2240.109768949419
-2236.2679929736214
-2224.3521218843543
-2182.5367797398458
-2166.711061842834
-2147.903117118821
-2138.3807768805264
-2118.442008704984
-2095.734726150582
-2074.5535982766824
-2062.199426971496
-2060.5283811509835
-2057.5366310888076
-2030.2575019582546
-2025.4534872995218
-2009.292562783172
-2004.815613712447
-1990.5616751529424
-1978.269337587455
-1947.2509718648043
-1881.2040004830633
-1874.5823228622749
-1846.4205549758808
-1829.4401263223017
-1765.8827935957834
-1734.332504834907
-1719.6807286543408
-1714.132118033025
-1711.20378351637
-1694.6058817951307
-1693.8242896784686
-1683.2527956951635
-1682.052548827467
-1665.3452224760094
-1648.9862165519135
-1647.1962446689195
-1630.1637465003296
-1598.7320570104457
-1588.0565593828178
-1571.5799204130399
-1553.2742675401641
-1547.4912867973308
-1537.09771073288
-1475.1227827071707
-1460.4700688423563
-1445.9845322052952
-1433.710538877669
-1336.5798021424562
-1295.1370670837514
-1280.8718943578133
-1263.1976577530731
-1261.8935486313476
-1233.0296352917976
-1213.2581584625405
-1140.6918733228158
-1100.9893617167327
-1085.9970914468395
-1041.4670610260982
-1039.2843941365009
-1014.6113414763968
-1002.3210537138948
-991.1176220600955
-988.4325657603531
-988.1504477889794
-978.3352750376798
-969.5067539181928
-962.9367633157599
-949.3655956531238
-934.9154915906875
-911.4852764662883
-885.8151121132523
-812.3506981582486
-794.6613561216127
-783.7813545819008
-778.1532433365937
-772.2703669575476
-768.3132472972138
-749.6426568380193
-708.8304636714347
-701.6618117976668
-677.3193194913401
-653.2120769872181
-643.4701064082456
-640.6775525201556
-609.9157330961771
-591.0328906827508
-584.8489176878866
-570.2430715471583
-547.828704771322
-469.6987754556667
-461.0626882155393
-451.70429951966616
-446.70207918136475
-432.19680589949894
-423.6047334741106
-409.28568279837054
-364.4164502062267
-287.82207035171086
-274.7186749558714
-266.0533351314152
-207.41305748957893
-194.4865356462542
-191.19570091244532
-188.12620468559544
-186.3132743198512
-155.9364608222022
-152.6403552857173
-140.14288588607815
-137.50554709320204
-94.78991672960728
-62.488421414956974
-60.060613495614234
-58.67769524848882
-52.51919217021714
-12.898602801913512
-5.910450168938041
16.889189957772032
112.58680806891243
120.12521965278393
130.0255675740209
137.41415593332385
150.0331053292066
208.60718030954376
218.78291699574947
260.13810836569246
290.9331166492375
312.8432433827584
320.09530934646864
324.6409439467461
357.15192141545594
365.68214879010884
367.982075080552
370.12328981196515
389.5631959796501
411.78304721485983
426.37704369538005
430.88383217807313
450.4917736741136
457.04153347474676
464.6381829328402
490.4424116113587
511.9972084823494
518.4498025217017
526.4725162753111
532.6645422456295
557.7662025989921
569.4974841707917
623.3065683420482
627.2961736201141
629.5051964624545
641.3165456971274
641.65848548549
658.9168541096078
658.9761242978748
697.9917847682809
756.2350516480346
768.9431709241617
818.6240041346718
820.0515537539159
859.1790452536443
867.4745147808244
887.705163467268
896.7540672226587
898.4193206805412
906.6775610759632
961.2385434294483
971.8862830045218
973.501044554052
982.7971108732545
986.4341107928449
995.5344278601879
1004.2672631442238
1031.2533873654847
1035.3773524527696
1041.0690721236097
1096.7915605877715
1100.2504228658454
1158.269848939939
1251.9670832520042
1263.1901478581458
1277.6871502231788
1279.5041166846622
1280.0967240681712
1359.9560576650347
1360.146634430499
1383.6035550865727
1431.5273171054923
1470.6782697502058
1472.6163600055515
1491.5467046161175
1493.0053980209923
1502.7606598273633
1504.1004404739397
1510.9181387184854
1521.93200179823
1543.7599636723517
1582.9677193034768
1598.4739423347546
1635.1813186556228
1672.6775861632577
1682.563177262422
1686.5894489562888
1693.9713792955827
1698.7711418137842
1708.2862063435277
1747.9403165067433
1747.9455784080328
1765.7894389013654
1780.3187405611661
1785.9747396430594
1790.2132832736697
1797.8729305504112
1834.8300268853145
1839.759950807811
1845.164800993225
1847.7634971500283
1870.7524090464449
1921.9776963099648
1944.2366910140736
1950.4019870070952
1956.940904864874
1967.374220894877
1996.330239798328
2010.5878008056407
2016.1561591433147
2018.8264570953506
2020.680593725574
2047.6816325851942
2050.740382047865
2118.216249049012
2139.479888545222
2152.2976875222703
2152.4483942708976
2155.8707195746665
2223.695780617447
2249.3788598534466
2255.387305351198
2256.0922822595076
2265.769042598062
2273.4762452658724
2312.161576931516
2316.2244163920077
2336.0910335523567
2338.404782942189
2350.223653414805
2350.537642786814
2385.811883474371
2391.0866751015474
2396.366300788226
2417.2951336129736
2475.476183824074
2486.441849226272
2500.0852321210914
2505.8401208512496
2516.0951894331047
2518.4880522083968
2573.6558710252393
2574.450109330799
2588.4156746038625
2596.0674733369797
2607.8592528208283
2626.1002633553308
2645.4229562233686
2678.9809523508666
2683.375270244451
2683.6350450304
2691.3533850626754
2698.135119269984
2709.9584590667164
2741.725344594017
2767.5133023381077
2773.622473588297
2774.4091238249384
2818.5994970980137
2818.9055443082707
2836.11739278443
2863.581462895534
2934.1295939683205
2947.924040035754
2991.2477266239475
2999.2865617056323
3040.4239242756703
3052.6555825878495
3054.202799914201
3064.123547168134
3072.134617595544
3133.951562690918
3134.113911984032
3148.7953299013698
3153.793296170541
3191.1656582841497
3244.0659274082936
3246.770814245956
3264.1703500424064
3276.8978214529398
3290.3527398492315
3295.237461687664
3317.3151016256706
3319.974054098444
3394.602687143444
3404.02268218644
3445.6400980076414
3446.116894376144
3455.6785383082424
3468.539562307211
3472.5665636423746
3481.4900385764595
3497.840411913041
3515.40499267668
3529.273270925236
3554.9197769837665
3568.302939073217
3583.3059971742878
3601.349753717879
3665.3454344915044
3686.853551413622
3702.2057229581987
3719.142855415752
3766.252856373707
3773.8084741603343
3809.557514215756
3849.495102762323
3854.0930778426537
3861.476508093294
3866.385711813369
3878.6396123607665
3880.909767022642
3932.1103212152248
3951.9706646256273
3964.754017672185
3967.705964232304
3972.696559243581
3974.440688257757
4055.0770400649653
4076.714539084396
4083.9015771639934
4125.339133737356
4127.65651783626
4134.564954352867
4136.47080961905
4187.777276989782
4255.957618203216
4274.616206709798
4278.009054566994
4288.799394998698
4299.234640141716
4323.233721183382
4338.072282782316
4344.120338872757
4351.638123166824
4360.338460961484
4381.610621140155
4397.956026651018
4402.312749296603
4449.517021133668
4451.6328191840275
4480.783512019005
4539.585601067054
4546.124949471367
4551.4859192945005
4581.583555736361
4588.366641024746
4597.884708829422
4605.807880652506
4650.998053435462
4651.405547153912
4665.663672264851
4708.226970221927
4741.372761892555
4753.93229660219
4756.101640938123
4761.952886778474
4772.512007715128
4800.415975125707
4834.5387381463515
4902.863449872681
4903.88239392652
4915.580169819437
4915.631455152805
4933.295392025058
4949.4262238871015
4953.367190500219
4985.59366901927
5032.778632250589
5062.399335636252
5072.998967380308
5082.693103254758
5087.048318419502
5090.825584449909
5097.790576589585
5122.593039427165
5139.301883218941
5173.363013955881
5190.299182463497
5231.59988332413
5247.496566472813
5267.0587318167745
5317.659637796049
5318.30608979811
5329.864341796396
5351.696545827161
5352.698845172086
5359.949394047397
5361.654198893113
5392.026761732652
5417.065596359527
5450.248789333762
5481.408850728372
5492.397775550206
5546.753216703897
5622.774347719809
5627.002766662905
5669.667663813299
5698.000733446135
5733.849488157553
5741.774872844502
5747.450963457042
5753.324808654776
5757.191508800668
5759.781766143682
5811.585769206338
5823.964331375464
5839.096448656866
5861.652903106855
5889.7139384963375
5899.344878904114
5937.76117147679
5940.969430113035
5982.223030837076
6012.305487539343
6023.39728491228
6085.80779702208
6118.63048421484
6128.818271276459
6135.9840001221455
6178.872889883138
6182.4530827685685
6198.779869056714
6248.046015537118
6251.12311498943
6253.0577760121705
6316.66475784091
6319.7888270313215
6334.809288518472
6370.005368706537
6388.941939427041
6394.840370715923
6401.830835563658
6413.808689361595
6429.678178716695
6447.483287037343
6453.521215253437
6461.303914259686
6492.992732525967
6499.237335975449
6508.74654408811
6513.265583462005
6537.108958416313
6548.347071677486
6576.898377834805
6592.486534272008
6600.0959369228585
6654.394343640684
6684.324719447512
6704.912191102208
6724.974159425168
6743.682064959921
6745.03454761863
6846.5814466797965
6852.122671758181
6898.290408461304
6901.809417679393
6944.15347322038
6951.553274805672
6962.99447196021
6988.703204706595
6990.552985444669
7035.653284912707
7075.092721069366
7076.473736656673
7123.859054239721
7161.140362132141
7162.38550321283
7177.99432903124
7181.0405942065845
7193.5072233213505
7229.252903396406
7238.084859387251
7241.136727307079
7252.501581962286
7265.695560717082
7281.57753689653
7297.715261867132
7337.500510648984
7352.053840143308
7450.751363608615
7451.079258687478
7515.456623287453
7534.238404552096
7546.634869304155
7571.03498886247
7573.818638639514
7601.408751031562
7603.117962693661
7613.834974923975
7647.194940170266
7662.721512777691
7677.115925210823
7712.048197372147
7715.686801688204
7743.712619327391
7745.565284616703
7749.21720737714
7758.199023115085
7792.225699567924
7794.9244811772005
7850.56643528958
7852.191140677722
7862.876800634924
7862.9822538830485
7884.302970275225
7920.965531138034
7962.18488853921
7963.016226250875
7963.651721244136
7964.764783387545
7991.587741509582
8020.0908233722985
8037.990822433145
8048.501392642014
8050.927473798747
8071.101510237648
8075.5983423890575
8077.59517323619
8078.857385025578
8127.601895625499
8134.788923323027
8139.900938828756
8141.01582965106
8160.8774993485895
8174.314456919721
8211.821187352034
8248.60608395088
8266.143603799108
8275.426655855023
8283.476595104083
8286.433943443364
8319.790292368198
8330.516751833668
8485.892127557636
8515.7524737678
8566.749443404318
8568.404912881531
8572.973221208864
8626.940001923045
8665.819756259723
8686.404058443157
8691.22744852049
8698.480730170308
8714.29496302981
8719.914078802816
8749.47487675312
8791.308803617518
8870.012481513368
8883.119469379424
8915.740524764002
8925.909546556075
8942.807426732605
8972.19979531952
8976.084968538271
8990.845802605312
9030.626837202304
9064.541633307497
9067.423068708413
9073.84942920256
9079.62694442413
9094.032896555676
9102.376115538704
9122.240910328135
9127.137425947716
9203.39212299003
9204.90414216799
9207.15559009985
9212.789271050326
9213.78972259297
9234.811563309388
9269.151782702906
9295.17177887126
9303.58626370702
9336.82816474163
9339.47267252874
9342.724034981624
9345.087803769147
9376.222669726183
9499.294594379211
9509.871771159113
9537.823549833807
9563.105438252125
9595.278979148941
9626.26629669436
9642.61910197596
9671.653546437057
9697.336700906013
9701.479367412147
9714.973740622296
9742.168299415713
9778.39418805141
9800.558232225852
9812.35153114286
9824.999886816873
9844.872848204119
9850.349985546232
9860.720988299203
9874.667140553149
9887.930884529229
9921.1943544883
9980.198417724532
9993.223808452505
9994.777698074897
