-4698.689976371348
1431.5273171054923
-8918.332094194317
4903.88239392652
3878.6396123607665
6182.4530827685685
4449.517021133668
-4651.658891156841
-8542.531894234224
-8102.679260792178
-2858.7162252633443
3866.385711813369
5173.363013955881
-1233.0296352917976
7241.136727307079
6592.486534272008
-3456.05881113922
-1648.9862165519135
-7631.76883364139
6128.818271276459
-3308.273102648567
-2741.1184511238853
-8817.565421140387
2139.479888545222
-2579.0007510296073
-8422.718696123076
-4825.605146170269
-6338.499829179614
-7786.056692701162
-6936.236174809917
7546.634869304155
7265.695560717082
-274.7186749558714
-7361.938052292776
-9634.074674069834
5811.585769206338
-3030.2099892621136
1921.9776963099648
5087.048318419502
9671.653546437057
-8319.002548504297
3052.6555825878495
-52.51919217021714
3295.237461687664
-609.9157330961771
-6969.606509472054
7647.194940170266
3601.349753717879
-7254.541233241647
-186.3132743198512
569.4974841707917
1672.6775861632577
7035.653284912707
-1100.9893617167327
-9487.678123169639
4344.120338872757
-5588.648096826827
5329.864341796396
7677.115925210823
1491.5467046161175
-5614.546034443058
-677.3193194913401
-9222.298081327552
-7458.057835637462
5072.998967380308
-3724.8096204968315
6537.108958416313
-2928.8283549257585
5231.59988332413
8515.7524737678
9122.240910328135
5351.696545827161
5759.781766143682
137.41415593332385
8078.857385025578
-8997.85545262066
-9049.527438943864
4278.009054566994
5839.096448656866
3148.7953299013698
8714.29496302981
9336.82816474163
5392.026761732652
-191.19570091244532
5139.301883218941
-6249.230467589265
-409.28568279837054
2223.695780617447
2350.223653414805
986.4341107928449
-2319.715039859245
-8468.995384782893
-1280.8718943578133
-9103.806671357665
-2555.559322403029
16.889189957772032
450.4917736741136
3932.1103212152248
6745.03454761863
-8272.495741050254
2505.8401208512496
-5184.078172522528
3554.9197769837665
-2291.2574870946137
2607.8592528208283
-4042.644342670683
464.6381829328402
-7651.937840669694
-8480.027256278985
-188.12620468559544
-62.488421414956974
-8863.264390620643
8160.8774993485895
-7555.510604976989
-6310.879422723532
7603.117962693661
4083.9015771639934
-8314.680525646865
-469.6987754556667
4323.233721183382
320.09530934646864
1472.6163600055515
7451.079258687478
1944.2366910140736
-2240.109768949419
2836.11739278443
2047.6816325851942
-2346.073166441014
2596.0674733369797
-8766.288767706392
218.78291699574947
-4981.903467364641
-6008.456179702768
-3262.77931842593
-8838.677280937765
9376.222669726183
887.705163467268
8071.101510237648
-1711.20378351637
8665.819756259723
-7383.910240122545
-1445.9845322052952
1100.2504228658454
-7902.0099353417045
9714.973740622296
-4624.668831894419
-9754.687554816095
-5887.907973114686
-6880.013740153261
1504.1004404739397
6901.809417679393
6846.5814466797965
357.15192141545594
3964.754017672185
-5870.671245792969
-3442.7230679955346
4274.616206709798
8568.404912881531
312.8432433827584
-9293.92084267623
-7103.389594820948
1383.6035550865727
2391.0866751015474
-643.4701064082456
-701.6618117976668
-7567.520277588841
-7046.411251483067
6251.12311498943
9701.479367412147
-7708.663566944753
-9203.40533753244
-1433.710538877669
2336.0910335523567
818.6240041346718
-7943.121787899707
-9347.92843302677
-1547.4912867973308
-7444.565171184745
-8700.759176430449
-2518.391069561665
-2138.3807768805264
9626.26629669436
9697.336700906013
623.3065683420482
-2430.329243014892
1280.0967240681712
-749.6426568380193
2574.450109330799
2350.537642786814
-9304.170337321675
9079.62694442413
3133.951562690918
-7665.992110980298
-778.1532433365937
-9939.139409049383
-962.9367633157599
-4297.961268232224
-7923.947358697991
-287.82207035171086
5361.654198893113
9980.198417724532
-8285.74130095849
7613.834974923975
3773.8084741603343
-5582.834652576263
8972.19979531952
-12.898602801913512
-911.4852764662883
6401.830835563658
6316.66475784091
-461.0626882155393
7991.587741509582
8283.476595104083
6394.840370715923
658.9761242978748
9994.777698074897
-2025.4534872995218
658.9168541096078
5122.593039427165
-1734.332504834907
5747.450963457042
-9991.062385706617
-152.6403552857173
-2461.941946662396
-5214.5028273263815
9064.541633307497
-9028.07794740105
8248.60608395088
-9429.032389008516
641.3165456971274
-6726.441017191358
-2527.1882547190353
-6363.753752405912
4360.338460961484
-364.4164502062267
7963.016226250875
-9180.113203427993
-4900.183054295888
-2383.64177800956
9213.78972259297
-9251.617467309301
5317.659637796049
9812.35153114286
-5102.259058701666
7177.99432903124
-7786.920415992508
7450.751363608615
-4609.050109427604
557.7662025989921
9067.423068708413
-5411.353139826751
6492.992732525967
982.7971108732545
-2182.5367797398458
-1682.052548827467
-5498.175345637859
-9207.697452858818
1543.7599636723517
490.4424116113587
-7518.391895646788
-3394.434159496136
-794.6613561216127
-2004.815613712447
5823.964331375464
8870.012481513368
898.4193206805412
-1694.6058817951307
3153.793296170541
820.0515537539159
7238.084859387251
4708.226970221927
-8354.367943925852
3394.602687143444
6248.046015537118
5032.778632250589
3686.853551413622
-6657.676272552011
-2074.5535982766824
2741.725344594017
8719.914078802816
2155.8707195746665
4076.714539084396
8127.601895625499
8319.790292368198
4351.638123166824
-9710.356199643024
4125.339133737356
2698.135119269984
2999.2865617056323
7850.56643528958
-7444.567480574287
5062.399335636252
6319.7888270313215
4902.863449872681
-4468.722888789866
4949.4262238871015
-8633.437047546324
-2990.245126161075
-7405.800734009397
-934.9154915906875
-3683.3024807710644
-60.060613495614234
2020.680593725574
-5587.660499283844
-5230.404911690168
-9453.858319612526
6944.15347322038
-7824.160762470385
4985.59366901927
2683.6350450304
-3583.3032980559174
-3286.494667806357
-2095.734726150582
-6428.198776920213
1747.9455784080328
-8721.58219470758
-4914.4165444036125
-3981.4420578942354
2774.4091238249384
7123.859054239721
-6006.968486738045
4187.777276989782
9345.087803769147
4772.512007715128
-4398.570076688752
3972.696559243581
4581.583555736361
-4668.40683409434
-1336.5798021424562
-3950.282253723445
-8931.935323170483
5753.324808654776
5097.790576589585
2518.4880522083968
-8129.8993538955065
896.7540672226587
3445.6400980076414
8698.480730170308
3246.770814245956
-7575.217379526846
324.6409439467461
-2521.316360838954
8915.740524764002
5741.774872844502
7281.57753689653
411.78304721485983
1780.3187405611661
-5681.563751663281
2645.4229562233686
-5508.122638346631
2265.769042598062
-2316.122941637981
-9141.115184816577
8048.501392642014
7884.302970275225
-9369.320483394735
2818.9055443082707
-9700.996144229135
1598.4739423347546
6988.703204706595
-2534.4535236552447
-194.4865356462542
-140.14288588607815
6724.974159425168
-5799.966043136313
1004.2672631442238
5899.344878904114
6684.324719447512
6447.483287037343
-2147.903117118821
-8390.119865055878
-8250.90368769388
7076.473736656673
-4453.310993386117
3974.440688257757
-4707.397061805501
-9683.010179691986
3072.134617595544
-653.2120769872181
9339.47267252874
-4480.926354203876
-8510.862972799961
7862.876800634924
-9371.30101493658
532.6645422456295
3054.202799914201
973.501044554052
4915.580169819437
1847.7634971500283
1582.9677193034768
9102.376115538704
1277.6871502231788
-94.78991672960728
-5438.20778339803
6513.265583462005
7715.686801688204
4299.234640141716
3861.476508093294
-3169.598755117726
-8240.415046810102
-3863.140980716893
2396.366300788226
-4615.933503754785
-5686.030146115497
9234.811563309388
-7364.24228596986
6508.74654408811
1693.9713792955827
-3724.7076300657336
6453.521215253437
4761.952886778474
1708.2862063435277
9127.137425947716
-9072.595824485592
5622.774347719809
2338.404782942189
-7660.467985093848
-5856.900837732091
-8807.390762304758
9295.17177887126
4741.372761892555
9030.626837202304
-1829.4401263223017
-5910.201896652045
8942.807426732605
6429.678178716695
-7674.71941126447
7749.21720737714
-6594.880724859866
-3803.39499148501
6178.872889883138
3276.8978214529398
3468.539562307211
2256.0922822595076
2417.2951336129736
-1460.4700688423563
-4406.055885331064
518.4498025217017
5481.408850728372
9642.61910197596
3951.9706646256273
2016.1561591433147
4288.799394998698
8134.788923323027
1158.269848939939
-2867.1820092911466
-2957.432551469914
-5924.782994957524
3854.0930778426537
9204.90414216799
-5248.24202636335
-1537.09771073288
-6749.677764696353
4338.072282782316
-768.3132472972138
4255.957618203216
8141.01582965106
6704.912191102208
9509.871771159113
-7741.254170141107
-3802.6251388784303
-9817.066727546107
426.37704369538005
9203.39212299003
-8672.40309687639
-8106.068225317123
1035.3773524527696
-8893.039265974818
6012.305487539343
-6210.078107177234
5546.753216703897
-6451.476360262652
-1665.3452224760094
1470.6782697502058
-708.8304636714347
-1039.2843941365009
8075.5983423890575
-1014.6113414763968
1359.9560576650347
-3819.256522380312
-6080.210018754653
-6501.373363437575
5492.397775550206
8077.59517323619
7193.5072233213505
6576.898377834805
-3540.6476194460383
-1571.5799204130399
9269.151782702906
-9280.618041920883
-9108.804262972126
7745.565284616703
906.6775610759632
-7273.050000183377
-4948.077392270349
208.60718030954376
-9677.870383178977
1747.9403165067433
3497.840411913041
457.04153347474676
3134.113911984032
2683.375270244451
-5327.773835303742
7162.38550321283
3455.6785383082424
-423.6047334741106
5627.002766662905
-8581.921367116885
6548.347071677486
-6354.118357985765
-5257.483840782691
1510.9181387184854
4915.631455152805
2709.9584590667164
-4798.863917585321
6898.290408461304
-1588.0565593828178
-7895.577339728479
8037.990822433145
4800.415975125707
-9436.540597525793
7337.500510648984
-1714.132118033025
3404.02268218644
4397.956026651018
-137.50554709320204
2773.622473588297
8691.22744852049
2050.740382047865
7792.225699567924
-9704.026735663165
-5986.4695048079475
5733.849488157553
6852.122671758181
1996.330239798328
4136.47080961905
7573.818638639514
4402.312749296603
1785.9747396430594
-3134.6629735313654
-5481.468387764689
-3348.6250413684584
-5375.819897505818
8275.426655855023
7862.9822538830485
-8094.628292968014
2010.5878008056407
2500.0852321210914
5318.30608979811
8749.47487675312
-2057.5366310888076
4127.65651783626
2678.9809523508666
2486.441849226272
-8680.589416661953
3515.40499267668
-7751.835989024469
627.2961736201141
768.9431709241617
367.982075080552
-1213.2581584625405
-640.6775525201556
-4018.435120126598
3290.3527398492315
-8918.382675840418
6600.0959369228585
-6717.857286589446
-9271.909425890824
-7754.470141860903
-6590.587552894886
9850.349985546232
-6493.368661367651
-3098.113733898622
1521.93200179823
-7754.284322839065
-1881.2040004830633
-7769.496782215227
1031.2533873654847
-3432.82055648986
-988.4325657603531
-1765.8827935957834
-3590.0809863369586
-3877.5724090974563
2573.6558710252393
-7915.69131586683
-5563.242119141558
-6146.119620478105
2152.4483942708976
2588.4156746038625
-8145.173880612404
-8289.425508414088
-2236.2679929736214
-6715.070199006603
-8681.434266941162
9207.15559009985
-8031.975238797562
-8993.584754843687
-772.2703669575476
5417.065596359527
-6702.625541359311
-584.8489176878866
-4448.64313044715
-4223.805198386191
-9383.901256534024
-3982.6313176891044
370.12328981196515
-1990.5616751529424
-2379.3194524703476
5267.0587318167745
-3345.5804117443204
9094.032896555676
-2968.697053783185
7229.252903396406
6461.303914259686
7758.199023115085
-1874.5823228622749
7352.053840143308
-7091.812921039686
-2118.442008704984
-7364.927935605046
-6115.671504898708
7161.140362132141
1698.7711418137842
4546.124949471367
-4422.595524748818
-6800.675830134953
8330.516751833668
-6228.444367054131
-2684.7091467310547
5359.949394047397
4953.367190500219
6413.808689361595
9303.58626370702
-432.19680589949894
-9418.65041467319
-5.910450168938041
7601.408751031562
-7777.264750387376
-6153.48628699248
8566.749443404318
8883.119469379424
8990.845802605312
-5611.6820547157095
-570.2430715471583
-6350.9446432730065
4933.295392025058
7743.712619327391
-2009.292562783172
-3731.1884396928026
-4400.63216925979
6388.941939427041
-9951.313697233792
-6175.41080518974
7252.501581962286
1096.7915605877715
-6697.987185840606
1845.164800993225
9073.84942920256
-1263.1976577530731
3665.3454344915044
112.58680806891243
-6987.878334185564
-4337.43431429416
-6714.565849058175
5889.7139384963375
2691.3533850626754
-9155.15522448488
-9320.852033058056
2118.216249049012
961.2385434294483
5247.496566472813
1765.7894389013654
-1002.3210537138948
-5349.173153774968
-6586.0271285064155
-978.3352750376798
430.88383217807313
-1719.6807286543408
-2062.199426971496
-8490.941673009562
-2449.1132836815814
8174.314456919721
-4247.244359316768
8266.143603799108
4605.807880652506
4753.93229660219
4451.6328191840275
5450.248789333762
-2734.1410389108114
6962.99447196021
5190.299182463497
3064.123547168134
-2444.059988549656
-1846.4205549758808
2818.5994970980137
-1475.1227827071707
-7341.355179801914
-3949.6471743838547
-4238.058763609826
-9345.36325505314
-7910.568213943214
130.0255675740209
-8152.509478058873
6253.0577760121705
-9777.485867598745
2312.161576931516
7515.456623287453
3446.116894376144
-8229.002853890606
1956.940904864874
-5316.177870285912
7962.18488853921
5082.693103254758
-2326.6194190099677
-9760.175404139618
-5076.6171776085575
641.65848548549
756.2350516480346
2255.387305351198
-9980.186582440292
-3440.2110867122838
-5641.8180546847525
3880.909767022642
150.0331053292066
-8985.465666955351
-2559.843728493199
7794.9244811772005
-4983.149828287912
6499.237335975449
-969.5067539181928
-1630.1637465003296
4381.610621140155
-8941.390489126801
-58.67769524848882
4539.585601067054
4055.0770400649653
-7772.107262601787
-5870.850603104938
8485.892127557636
2767.5133023381077
2863.581462895534
-8995.373642722583
-8532.183780283038
9824.999886816873
-988.1504477889794
1839.759950807811
-3427.3307791348543
-1693.8242896784686
8791.308803617518
5861.652903106855
290.9331166492375
-5954.370393894639
9212.789271050326
-1978.269337587455
9742.168299415713
-7064.068587533238
1967.374220894877
8020.0908233722985
-8608.828850569065
629.5051964624545
-3579.1794289201207
2273.4762452658724
1263.1901478581458
3472.5665636423746
-5638.584096510584
-2247.6298146418676
-3375.2563903190967
-1598.7320570104457
1279.5041166846622
-3631.906489452461
-7234.366462733786
-6986.03320438091
9993.223808452505
-2060.5283811509835
-5343.627293654283
-6094.308922881069
-9993.665888446292
1834.8300268853145
3529.273270925236
-9524.523277552747
-3075.62717821185
3040.4239242756703
4665.663672264851
365.68214879010884
7297.715261867132
3967.705964232304
6951.553274805672
1251.9670832520042
-7846.676401057582
1686.5894489562888
8286.433943443364
-4600.134563382947
-6433.402889034974
-4688.263224265821
-9326.088843569802
8211.821187352034
1870.7524090464449
-266.0533351314152
-9629.371549324393
-5892.471378006574
2991.2477266239475
8572.973221208864
-4635.141542244918
-9211.425618233947
9342.724034981624
-3082.7330512551353
7075.092721069366
8925.909546556075
-6949.70595198161
5698.000733446135
995.5344278601879
7964.764783387545
-9395.192858013583
859.1790452536443
-7758.306076434421
1041.0690721236097
-6319.27591416842
3849.495102762323
6743.682064959921
6334.809288518472
1790.2132832736697
-3610.7321292714923
3809.557514215756
-1041.4670610260982
-5583.583667153315
1682.563177262422
-6831.350224460149
3317.3151016256706
7181.0405942065845
4480.783512019005
-991.1176220600955
-4864.3241734476005
3766.252856373707
2516.0951894331047
9563.105438252125
-1085.9970914468395
-7757.867177331153
867.4745147808244
-5402.587948883486
-3832.6853376957606
2475.476183824074
-1261.8935486313476
-7571.522227719353
6370.005368706537
-6513.658274815936
-6345.089994773423
5669.667663813299
7852.191140677722
-3608.4648766502833
-5733.299451192089
-4354.548923581736
-2224.3521218843543
-5549.055465651411
8976.084968538271
6023.39728491228
9887.930884529229
5982.223030837076
2018.8264570953506
-4735.446975664581
-8873.215534518446
6198.779869056714
6118.63048421484
1360.146634430499
-4390.414583052542
-4141.525672558166
9800.558232225852
-9211.107039866829
2249.3788598534466
-1947.2509718648043
260.13810836569246
-1140.6918733228158
-547.828704771322
-3443.823753896333
6654.394343640684
8139.900938828756
3264.1703500424064
-3025.2718988283505
5937.76117147679
3583.3059971742878
4756.101640938123
9595.278979148941
3244.0659274082936
-9994.450133980286
-5507.628299425857
2626.1002633553308
7712.048197372147
4651.405547153912
4134.564954352867
9860.720988299203
3702.2057229581987
-5649.512528585128
2152.2976875222703
526.4725162753111
-591.0328906827508
9537.823549833807
7662.721512777691
4650.998053435462
3481.4900385764595
3719.142855415752
-8467.98077994003
511.9972084823494
8686.404058443157
1950.4019870070952
971.8862830045218
9844.872848204119
9499.294594379211
-9238.910681452167
-6132.983137970161
-2386.048448371307
-5964.631021464417
-9589.814032214115
-7632.612081062691
-9215.324643634836
-949.3655956531238
-9298.930995549614
8626.940001923045
4588.366641024746
7920.965531138034
-5238.287932561794
389.5631959796501
-8406.67552388373
7963.651721244136
-4974.104754892741
9921.1943544883
-6204.033960262101
3568.302939073217
-4939.571860223071
-2395.7405272992683
120.12521965278393
1797.8729305504112
3319.974054098444
1635.1813186556228
2316.2244163920077
697.9917847682809
2934.1295939683205
-1295.1370670837514
-4162.370454568633
-9318.841388854493
-4694.201860547318
-2166.711061842834
6135.9840001221455
-9823.989663501787
4551.4859192945005
1493.0053980209923
5757.191508800668
9778.39418805141
-9757.662303225074
-7642.908477202781
6085.80779702208
9874.667140553149
5090.825584449909
-8331.40003002479
-885.8151121132523
3191.1656582841497
-1647.1962446689195
-7338.8615104291
-9959.965703955791
-446.70207918136475
-451.70429951966616
-9900.09048565814
-4904.28421809777
-6538.3168469395605
-5947.070480814072
-6343.847125618773
2385.811883474371
-9138.907337822211
-6787.33199429522
-2030.2575019582546
8050.927473798747
5352.698845172086
-7786.860233835465
-6485.09843082266
7534.238404552096
-1683.2527956951635
-812.3506981582486
-1553.2742675401641
-8435.040454650769
-7135.033166865772
-207.41305748957893
-783.7813545819008
-8532.567900913295
-3070.9974348342575
-2680.7366249948327
-2733.2828099411045
2947.924040035754
4834.5387381463515
-8490.542256417575
-7494.623942198442
-4928.227213786238
4597.884708829422
-2391.0264564369063
5940.969430113035
-6563.708783425035
-7696.387430109784
-4661.478274921305
6990.552985444669
7571.03498886247
-5533.450234246889
1502.7606598273633
-155.9364608222022
