  -9707.9525796558155     
  -9653.0726043625982     
  -9626.8993643459726     
  -8986.3984900485393     
  -8699.4495961026751     
  -8538.9281317363311     
  -8283.8664985959149     
  -8165.0001955155903     
  -8102.1353607184856     
  -7991.1419535791219     
  -7246.8463701734299     
  -7041.9574161196269     
  -6782.7334267138613     
  -6618.9082921927529     
  -6465.9031093552603     
  -6406.8288114445186     
  -6377.2023489878666     
  -5767.6115961739179     
  -5527.1173190453646     
  -5515.6983191740519     
  -5498.7258443440678     
  -4995.0674048316368     
  -4981.8132831084004     
  -4822.7799530995208     
  -4555.5583228812811     
  -4446.0570429716627     
  -4381.4901302269391     
  -3930.1382589769119     
  -3855.4517424832693     
  -3532.5512539777383     
  -3258.8202583966795     
  -2911.9556242681947     
  -2752.8645647988333     
  -2703.2024382988438     
  -2651.2726575403312     
  -2510.9105126606091     
  -2432.2910690609060     
  -2272.1339288475947     
  -2055.6381095039433     
  -1941.6007519885943     
  -1892.8401037829199     
  -1849.4914062373800     
  -1736.2255058980190     
  -1717.3117725766915     
  -1678.6111976096963     
  -1476.5116919438497     
  -1276.5731791971339     
  -735.62053332073629     
  -493.13845235570807     
  -366.46892403092897     
  -190.90381417568824     
   58.793731065694374     
   174.67134942318626     
   547.81865516808102     
   856.78947957716628     
   935.63548211680791     
   1389.1517851132357     
   1414.8354924540399     
   1782.9148232360894     
   1881.9551550482029     
   2172.6299614406507     
   2437.7623530188739     
   2444.4794012135771     
   2552.9246253998863     
   2661.0971874672923     
   3338.2452105851771     
   3396.3503977221480     
   3398.4411499274411     
   3431.0926226720712     
   3493.9310375978366     
   3723.8498443143380     
   3822.7073865496313     
   3998.9960292252308     
   4310.8183447466163     
   4849.3257367081205     
   4882.6973337454965     
   5333.6217744290134     
   5453.5958731078244     
   5463.1821495586137     
   5584.2391939832742     
   5696.7773185278966     
   5773.9284138177973     
   5987.4655873980555     
   6150.8186413755411     
   6480.0196070626662     
   6482.8122544853140     
   6776.7829568437082     
   6778.5807147849337     
   6788.3105735920617     
   7202.3068128925261     
   7329.4952580178870     
   7400.9858511973398     
   7489.0383989437141     
   7561.2604431905165     
   8553.9501870178865     
   8740.9378986911470     
   8755.5854889493276     
   9410.4203016046995     
   9411.9806310108579     
   9494.4490098338974     
