-9707.952579655815
-9653.072604362598
-9626.899364345973
-8986.39849004854
-8699.449596102675
-8538.928131736331
-8283.866498595915
-8165.00019551559
-8102.135360718486
-7991.141953579122
-7246.84637017343
-7041.957416119627
-6782.733426713861
-6618.908292192753
-6465.90310935526
-6406.828811444519
-6377.202348987867
-5767.611596173918
-5527.117319045365
-5515.698319174052
-5498.725844344068
-4995.067404831637
-4981.8132831084
-4822.779953099521
-4555.558322881281
-4446.057042971663
-4381.490130226939
-3930.138258976912
-3855.4517424832693
-3532.5512539777383
-3258.8202583966795
-2911.9556242681947
-2752.8645647988333
-2703.202438298844
-2651.2726575403312
-2510.910512660609
-2432.291069060906
-2272.1339288475947
-2055.6381095039433
-1941.6007519885943
-1892.8401037829199
-1849.49140623738
-1736.225505898019
-1717.3117725766915
-1678.6111976096963
-1476.5116919438497
-1276.5731791971339
-735.6205333207363
-493.13845235570807
-366.468924030929
-190.90381417568824
58.793731065694374
174.67134942318626
547.818655168081
856.7894795771663
935.6354821168079
1389.1517851132357
1414.83549245404
1782.9148232360894
1881.9551550482029
2172.6299614406507
2437.762353018874
2444.479401213577
2552.9246253998863
2661.0971874672923
3338.245210585177
3396.350397722148
3398.441149927441
3431.0926226720712
3493.9310375978366
3723.849844314338
3822.7073865496313
3998.996029225231
4310.818344746616
4849.3257367081205
4882.6973337454965
5333.621774429013
5453.595873107824
5463.182149558614
5584.239193983274
5696.777318527897
5773.928413817797
5987.4655873980555
6150.818641375541
6480.019607062666
6482.812254485314
6776.782956843708
6778.580714784934
6788.310573592062
7202.306812892526
7329.495258017887
7400.98585119734
7489.038398943714
7561.2604431905165
8553.950187017886
8740.937898691147
8755.585488949328
9410.4203016047
9411.980631010858
9494.449009833897
